_target_: torch.optim.Adam
lr: 0.006206549728538799
weight_decay:  0.00021186475895663273
