_target_: torch.optim.Adam
lr: 0.0014673859014462246
weight_decay:  0.0009369161140381144
